0	0	0	0	-23.159	-1.0368	-26.107	-0.97786	-25.914	-0.98173	0	0	0	0	-16.849	-1.163	-18.174	-1.1365	0	0
0	0	0	0	-23.159	-1.0368	-26.107	-0.97786	-25.914	-0.98173	0	0	0	0	-16.849	-1.163	-18.174	-1.1365	0	0
0	0	0	0	-23.129	-0.99054	-26.101	-0.93111	-25.906	-0.93501	0	0	0	0	-16.763	-1.1179	-18.095	-1.0912	0	0
0	0	0	0	-23.101	-0.94422	-26.095	-0.88436	-25.898	-0.88829	0	0	0	0	-16.673	-1.0728	-18.009	-1.0461	0	0
0	0	0	0	-23.073	-0.89792	-26.088	-0.83761	-25.89	-0.84159	0	0	0	0	-16.581	-1.0278	-17.922	-1.0009	0	0
0	0	0	0	-23.044	-0.85163	-26.082	-0.79087	-25.881	-0.79488	0	0	0	0	-16.486	-0.98277	-17.833	-0.95583	0	0
0	0	0	0	-23.014	-0.80535	-26.075	-0.74413	-25.872	-0.74818	0	0	0	0	-16.391	-0.93781	-17.742	-0.91078	0	0
0	0	0	0	-22.983	-0.75909	-26.068	-0.69739	-25.864	-0.70148	0	0	0	0	-16.291	-0.89292	-17.649	-0.86576	0	0
0	0	0	0	-22.952	-0.71284	-26.061	-0.65065	-25.854	-0.65479	0	0	0	0	-16.189	-0.84809	-17.554	-0.82079	0	0
0	0	0	0	-22.919	-0.66661	-26.054	-0.60392	-25.845	-0.6081	0	0	0	0	-16.085	-0.80331	-17.456	-0.77588	0	0
0	0	0	0	-22.886	-0.6204	-26.046	-0.5572	-25.835	-0.56142	0	0	0	0	-15.977	-0.75858	-17.355	-0.73102	0	0
0	0	0	0	-22.852	-0.5742	-26.039	-0.51048	-25.826	-0.51474	0	0	0	0	-15.867	-0.7139	-17.251	-0.68622	0	0
0	0	0	0	-22.817	-0.52803	-26.031	-0.46376	-25.815	-0.46807	0	0	0	0	-15.754	-0.66931	-17.145	-0.64147	0	0
0	0	0	0	-22.781	-0.48188	-26.023	-0.41705	-25.805	-0.4214	0	0	0	0	-15.637	-0.62477	-17.037	-0.59676	0	0
0	0	0	0	-22.744	-0.43575	-26.014	-0.37034	-25.794	-0.37475	0	0	0	0	-15.516	-0.58031	-16.925	-0.55212	0	0
0	0	0	0	-22.705	-0.38965	-26.006	-0.32364	-25.783	-0.32809	0	0	0	0	-15.391	-0.53592	-16.811	-0.50754	0	0
0	0	0	0	-22.665	-0.34357	-25.997	-0.27694	-25.771	-0.28145	0	0	0	0	-15.262	-0.49164	-16.692	-0.46304	0	0
0	0	0	0	-22.624	-0.29753	-25.987	-0.23025	-25.759	-0.23481	0	0	0	0	-15.128	-0.44744	-16.569	-0.41862	0	0
0	0	0	0	-22.581	-0.25151	-25.978	-0.18357	-25.747	-0.18819	0	0	0	0	-14.99	-0.40332	-16.443	-0.37427	0	0
0	0	0	0	-22.54	-0.20545	-25.968	-0.1369	-25.734	-0.14157	0	0	0	0	-14.846	-0.35933	-16.312	-0.33001	0	0
0	0	0	0	-22.494	-0.1595	-25.957	-0.090235	-25.721	-0.094959	0	0	0	0	-14.698	-0.31543	-16.176	-0.28585	0	0
0	0	0	0	-22.445	-0.11359	-25.946	-0.043581	-25.707	-0.048361	0	0	0	0	-14.542	-0.27166	-16.035	-0.2418	0	0
0	0	0	0	-22.395	-0.067718	-25.934	0.0030635	-25.692	-0.0017741	0	0	0	0	-14.381	-0.22801	-15.89	-0.19783	0	0
0	0	0	0	-22.343	-0.021893	-25.922	0.049696	-25.677	0.044799	0	0	0	0	-14.213	-0.1845	-15.738	-0.15399	0	0
0	0	0	0	-22.288	0.023875	-25.91	0.096315	-25.662	0.091358	0	0	0	0	-14.036	-0.14115	-15.579	-0.11029	0	0
0	0	0	0	-22.227	0.069546	-25.896	0.14292	-25.645	0.1379	0	0	0	0	-13.852	-0.097961	-15.416	-0.066689	0	0
0	0	0	0	-22.154	0.11495	-25.881	0.1895	-25.628	0.18443	0	0	0	0	-13.658	-0.054973	-15.243	-0.023261	0	0
0	0	0	0	-22.026	0.15927	-25.865	0.23605	-25.608	0.23092	0	0	0	0	-13.453	-0.012197	-15.059	0.019931	0	0
0	0	0	0	-21.715	0.19992	-25.842	0.28246	-25.586	0.27735	0	0	0	0	-13.232	0.030255	-14.865	0.062932	0	0
0	0	0	0	-21.069	0.23387	-25.784	0.32818	-25.552	0.32353	0	0	0	0	-12.986	0.072218	-14.656	0.10563	0	0
0	0	0	0	-20.134	0.26205	-25.577	0.37091	-25.456	0.3685	0	0	0	0	-12.693	0.11323	-14.432	0.14801	0	0
0	0	0	0	-19.016	0.28657	-24.981	0.40588	-25.134	0.40893	0	0	0	0	-12.315	0.15254	-14.179	0.18982	0	0
0	0	0	0	-17.801	0.30915	-23.923	0.43158	-24.366	0.44045	0	0	0	0	-11.809	0.1893	-13.839	0.2299	0	0
0	0	0	0	-16.534	0.33067	-22.564	0.45129	-23.18	0.46359	0	0	0	0	-11.13	0.2226	-13.329	0.26658	0	0
0	0	0	0	-15.232	0.35151	-21.043	0.46774	-21.762	0.48212	0	0	0	0	-10.283	0.25254	-12.611	0.2991	0	0
0	0	0	0	-13.924	0.37223	-19.426	0.48226	-20.22	0.49814	0	0	0	0	-9.3131	0.28001	-11.719	0.32812	0	0
0	0	0	0	-12.617	0.39297	-17.778	0.49619	-18.613	0.51289	0	0	0	0	-8.2675	0.30597	-10.681	0.35425	0	0
0	0	0	0	-11.309	0.41368	-16.124	0.50997	-16.979	0.52707	0	0	0	0	-7.1784	0.33107	-9.5101	0.3777	0	0
0	0	0	0	-10.031	0.43499	-14.471	0.52379	-15.339	0.54116	0	0	0	0	-6.0652	0.35568	-8.2224	0.39882	0	0
0	0	0	0	-8.7812	0.45687	-12.842	0.53809	-13.716	0.55558	0	0	0	0	-4.9421	0.38009	-6.8541	0.41833	0	0
0	0	0	0	-7.5716	0.47956	-11.252	0.55316	-12.119	0.57051	0	0	0	0	-3.8242	0.40461	-5.4474	0.43707	0	0
0	0	0	0	-6.414	0.50328	-9.7171	0.56934	-10.579	0.58658	0	0	0	0	-2.7358	0.42972	-4.0488	0.45598	0	0
0	0	0	0	-5.3227	0.52833	-8.2556	0.58699	-9.0897	0.60367	0	0	0	0	-1.7234	0.45634	-2.7163	0.4762	0	0
0	0	0	0	-4.3139	0.55503	-6.8868	0.60649	-7.6794	0.62234	0	0	0	0	-0.87378	0.48623	-1.5406	0.49956	0	0
0	0	0	0	-3.4044	0.58371	-5.6314	0.62825	-6.3546	0.64272	0	0	0	0	-0.32398	0.52211	-0.66744	0.52897	0	0
0	0	0	0	-2.605	0.6146	-4.5061	0.65262	-5.1607	0.66571	0	0	0	0	-0.1066	0.56463	-0.21731	0.56685	0	0
0	0	0	0	-1.9166	0.64771	-3.5245	0.67987	-4.0954	0.69128	0	0	0	0	-0.052552	0.61043	-0.077936	0.61093	0	0
0	0	0	0	-1.2908	0.68207	-2.6418	0.70909	-3.158	0.71941	0	0	0	0	-0.040864	0.65707	-0.046832	0.65719	0	0
0	0	0	0	-0.64892	0.7161	-1.7863	0.73885	-2.2819	0.74876	0	0	0	0	-0.037489	0.70388	-0.039437	0.70391	0	0
0	0	0	0	0.11737	0.74765	-0.80414	0.76608	-1.3511	0.77702	0	0	0	0	-0.035142	0.7507	-0.035875	0.75072	0	0
0	0	0	0	1.0424	0.77603	0.41397	0.7886	-0.23661	0.80161	0	0	0	0	-0.03163	0.79751	-0.031489	0.79751	0	0
0	0	0	0	2.0931	0.80189	1.8608	0.80653	1.1122	0.82151	0	0	0	0	-0.025525	0.84426	-0.024953	0.84425	0	0
0	0	0	0	3.2251	0.82612	3.478	0.82107	2.6518	0.83759	0	0	0	0	-0.014436	0.89091	-0.013581	0.8909	0	0
0	0	0	0	4.4019	0.84946	5.2138	0.83322	4.3274	0.85095	0	0	0	0	0.011633	0.93727	0.015744	0.93719	0	0
0	0	0	0	5.596	0.87245	7.0335	0.84371	6.0992	0.86239	0	0	0	0	0.087426	0.98263	0.11004	0.98217	0	0
0	0	0	0	6.7834	0.89558	8.9137	0.85298	7.94	0.87245	0	0	0	0	0.29808	1.0253	0.39254	1.0234	0	0
0	0	0	0	7.9398	0.91933	10.839	0.86134	9.8317	0.88149	0	0	0	0	0.738	1.0634	1.0103	1.0579	0	0
0	0	0	0	9.036	0.94428	12.8	0.86899	11.762	0.88975	0	0	0	0	1.3996	1.097	1.9646	1.0857	0	0
0	0	0	0	10.03	0.97127	14.789	0.87609	13.724	0.8974	0	0	0	0	2.2081	1.1277	3.1569	1.1087	0	0
0	0	0	0	10.868	1.0014	16.801	0.88274	15.71	0.90456	0	0	0	0	3.0938	1.1569	4.5092	1.1286	0	0
0	0	0	0	11.5	1.0356	18.831	0.889	17.716	0.91131	0	0	0	0	4.0051	1.1855	5.9564	1.1465	0	0
0	0	0	0	11.921	1.0741	20.878	0.89494	19.739	0.91773	0	0	0	0	4.9011	1.2145	7.4717	1.1631	0	0
0	0	0	0	12.19	1.1156	22.938	0.90062	21.776	0.92385	0	0	0	0	5.7436	1.2445	9.0352	1.1787	0	0
0	0	0	0	12.402	1.1582	25.01	0.90605	23.826	0.92973	0	0	0	0	6.4977	1.2763	10.627	1.1937	0	0
0	0	0	0	12.577	1.2016	27.092	0.91128	25.886	0.9354	0	0	0	0	7.1147	1.3108	12.252	1.2081	0	0
0	0	0	0	12.7	1.246	29.184	0.91633	27.956	0.94088	0	0	0	0	7.596	1.3481	13.896	1.2221	0	0
0	0	0	0	-21.186	-1.0763	-23.935	-1.0213	-23.764	-1.0247	0	0	-18.901	-1.122	0	0	0	0	0	0
0	0	0	0	-21.186	-1.0763	-23.935	-1.0213	-23.764	-1.0247	0	0	-18.901	-1.122	0	0	0	0	0	0
0	0	0	0	-21.16	-1.0299	-23.929	-0.97454	-23.756	-0.978	0	0	-18.845	-1.0762	0	0	0	0	0	0
0	0	0	0	-21.134	-0.98356	-23.923	-0.92778	-23.749	-0.93127	0	0	-18.787	-1.0305	0	0	0	0	0	0
0	0	0	0	-21.109	-0.9372	-23.917	-0.88103	-23.741	-0.88455	0	0	-18.727	-0.98483	0	0	0	0	0	0
0	0	0	0	-21.083	-0.89084	-23.911	-0.83427	-23.734	-0.83783	0	0	-18.667	-0.93917	0	0	0	0	0	0
0	0	0	0	-21.056	-0.8445	-23.905	-0.78752	-23.726	-0.79111	0	0	-18.604	-0.89354	0	0	0	0	0	0
0	0	0	0	-21.029	-0.79817	-23.899	-0.74077	-23.718	-0.7444	0	0	-18.54	-0.84795	0	0	0	0	0	0
0	0	0	0	-21.001	-0.75185	-23.892	-0.69403	-23.709	-0.69769	0	0	-18.474	-0.80239	0	0	0	0	0	0
0	0	0	0	-20.973	-0.70554	-23.886	-0.64729	-23.701	-0.65098	0	0	-18.407	-0.75686	0	0	0	0	0	0
0	0	0	0	-20.944	-0.65925	-23.878	-0.60055	-23.692	-0.60428	0	0	-18.338	-0.71137	0	0	0	0	0	0
0	0	0	0	-20.914	-0.61297	-23.871	-0.55382	-23.683	-0.55759	0	0	-18.267	-0.66592	0	0	0	0	0	0
0	0	0	0	-20.883	-0.56671	-23.864	-0.50709	-23.674	-0.5109	0	0	-18.194	-0.6205	0	0	0	0	0	0
0	0	0	0	-20.852	-0.52046	-23.857	-0.46037	-23.664	-0.46421	0	0	-18.118	-0.57513	0	0	0	0	0	0
0	0	0	0	-20.82	-0.47423	-23.849	-0.41365	-23.654	-0.41753	0	0	-18.041	-0.52981	0	0	0	0	0	0
0	0	0	0	-20.787	-0.42802	-23.841	-0.36694	-23.644	-0.37086	0	0	-17.961	-0.48453	0	0	0	0	0	0
0	0	0	0	-20.752	-0.38183	-23.832	-0.32023	-23.634	-0.3242	0	0	-17.879	-0.4393	0	0	0	0	0	0
0	0	0	0	-20.717	-0.33566	-23.824	-0.27353	-23.623	-0.27754	0	0	-17.794	-0.39413	0	0	0	0	0	0
0	0	0	0	-20.68	-0.28952	-23.815	-0.22683	-23.612	-0.23089	0	0	-17.706	-0.34901	0	0	0	0	0	0
0	0	0	0	-20.642	-0.24341	-23.805	-0.18014	-23.601	-0.18424	0	0	-17.614	-0.30396	0	0	0	0	0	0
0	0	0	0	-20.603	-0.19732	-23.796	-0.13346	-23.589	-0.13761	0	0	-17.52	-0.25898	0	0	0	0	0	0
0	0	0	0	-20.562	-0.15126	-23.786	-0.086786	-23.576	-0.090978	0	0	-17.422	-0.21407	0	0	0	0	0	0
0	0	0	0	-20.519	-0.10524	-23.775	-0.040122	-23.563	-0.044361	0	0	-17.319	-0.16924	0	0	0	0	0	0
0	0	0	0	-20.475	-0.059257	-23.764	0.0065321	-23.55	0.0022447	0	0	-17.213	-0.12449	0	0	0	0	0	0
0	0	0	0	-20.428	-0.013316	-23.753	0.053175	-23.536	0.048839	0	0	-17.101	-0.079848	0	0	0	0	0	0
0	0	0	0	-20.379	0.032573	-23.74	0.099805	-23.521	0.09542	0	0	-16.985	-0.035304	0	0	0	0	0	0
0	0	0	0	-20.326	0.078386	-23.727	0.14642	-23.506	0.14199	0	0	-16.862	0.0091223	0	0	0	0	0	0
0	0	0	0	-20.264	0.12402	-23.713	0.19302	-23.489	0.18853	0	0	-16.733	0.05342	0	0	0	0	0	0
0	0	0	0	-20.167	0.16897	-23.698	0.23958	-23.471	0.23505	0	0	-16.597	0.097565	0	0	0	0	0	0
0	0	0	0	-19.942	0.21134	-23.676	0.28601	-23.451	0.28151	0	0	-16.45	0.14151	0	0	0	0	0	0
0	0	0	0	-19.416	0.2477	-23.623	0.33183	-23.417	0.32772	0	0	-16.286	0.18509	0	0	0	0	0	0
0	0	0	0	-18.567	0.27759	-23.435	0.37495	-23.322	0.3727	0	0	-16.078	0.22781	0	0	0	0	0	0
0	0	0	0	-17.503	0.30318	-22.876	0.41065	-22.999	0.41311	0	0	-15.737	0.26787	0	0	0	0	0	0
0	0	0	0	-16.327	0.32655	-21.851	0.43701	-22.232	0.44464	0	0	-15.087	0.30173	0	0	0	0	0	0
0	0	0	0	-15.089	0.34865	-20.522	0.45732	-21.054	0.46794	0	0	-14.042	0.32771	0	0	0	0	0	0
0	0	0	0	-13.825	0.37026	-19.032	0.4744	-19.651	0.48677	0	0	-12.702	0.34779	0	0	0	0	0	0
0	0	0	0	-12.548	0.39158	-17.461	0.48984	-18.13	0.50323	0	0	-11.192	0.36447	0	0	0	0	0	0
0	0	0	0	-11.274	0.41298	-15.853	0.50456	-16.551	0.51853	0	0	-9.5927	0.37935	0	0	0	0	0	0
0	0	0	0	-10.017	0.43472	-14.238	0.51913	-14.951	0.53339	0	0	-7.9549	0.39347	0	0	0	0	0	0
0	0	0	0	-8.7876	0.457	-12.641	0.53406	-13.354	0.54832	0	0	-6.3173	0.40759	0	0	0	0	0	0
0	0	0	0	-7.5924	0.47997	-11.073	0.54959	-11.783	0.56378	0	0	-4.7181	0.42249	0	0	0	0	0	0
0	0	0	0	-6.4534	0.50407	-9.5579	0.56616	-10.25	0.58	0	0	-3.2087	0.43917	0	0	0	0	0	0
0	0	0	0	-5.3846	0.52957	-8.1132	0.58414	-8.7772	0.59742	0	0	-1.8732	0.45934	0	0	0	0	0	0
0	0	0	0	-4.392	0.55659	-6.7613	0.60398	-7.3839	0.61643	0	0	-0.85347	0.48582	0	0	0	0	0	0
0	0	0	0	-3.4935	0.58549	-5.5206	0.62604	-6.0921	0.63747	0	0	-0.29211	0.52147	0	0	0	0	0	0
0	0	0	0	-2.6976	0.61645	-4.4098	0.6507	-4.9194	0.66089	0	0	-0.10217	0.56454	0	0	0	0	0	0
0	0	0	0	-1.9969	0.64931	-3.4431	0.67824	-3.8792	0.68696	0	0	-0.053246	0.61044	0	0	0	0	0	0
0	0	0	0	-1.3514	0.68328	-2.5763	0.70778	-2.9714	0.71568	0	0	-0.035984	0.65697	0	0	0	0	0	0
0	0	0	0	-0.66719	0.71647	-1.7182	0.73749	-2.1306	0.74574	0	0	-0.023691	0.7036	0	0	0	0	0	0
0	0	0	0	0.13916	0.74722	-0.73884	0.76478	-1.2378	0.77476	0	0	-0.0043578	0.75009	0	0	0	0	0	0
0	0	0	0	1.0915	0.77505	0.47878	0.7873	-0.15631	0.8	0	0	0.049249	0.79589	0	0	0	0	0	0
0	0	0	0	2.1578	0.80059	1.9229	0.80529	1.1682	0.82039	0	0	0.22351	0.83928	0	0	0	0	0	0
0	0	0	0	3.2976	0.82467	3.5365	0.8199	2.6908	0.83681	0	0	0.69645	0.8767	0	0	0	0	0	0
0	0	0	0	4.4782	0.84794	5.2683	0.83213	4.3541	0.85042	0	0	1.5876	0.90575	0	0	0	0	0	0
0	0	0	0	5.6733	0.87091	7.0837	0.8427	6.1164	0.86205	0	0	2.8259	0.92786	0	0	0	0	0	0
0	0	0	0	6.8594	0.89406	8.9598	0.85205	7.9494	0.87226	0	0	4.2935	0.94538	0	0	0	0	0	0
0	0	0	0	8.0107	0.91791	10.882	0.8605	9.8347	0.88143	0	0	5.9087	0.95995	0	0	0	0	0	0
0	0	0	0	9.0946	0.94311	12.839	0.86823	11.76	0.8898	0	0	7.6223	0.97255	0	0	0	0	0	0
0	0	0	0	10.064	0.97059	14.824	0.8754	13.716	0.89755	0	0	9.405	0.98377	0	0	0	0	0	0
0	0	0	0	10.86	1.0015	16.832	0.88211	15.698	0.9048	0	0	11.239	0.99397	0	0	0	0	0	0
0	0	0	0	11.432	1.037	18.86	0.88843	17.7	0.91162	0	0	13.112	1.0034	0	0	0	0	0	0
0	0	0	0	11.798	1.0765	20.903	0.89444	19.72	0.91811	0	0	15.016	1.0122	0	0	0	0	0	0
0	0	0	0	12.057	1.1182	22.96	0.90017	21.754	0.92429	0	0	16.945	1.0205	0	0	0	0	0	0
0	0	0	0	12.242	1.1614	25.03	0.90566	23.801	0.93023	0	0	18.896	1.0283	0	0	0	0	0	0
0	0	0	0	12.374	1.2057	27.109	0.91094	25.859	0.93595	0	0	20.864	1.0358	0	0	0	0	0	0
0	0	0	0	12.489	1.2502	29.198	0.91603	27.926	0.94148	0	0	22.847	1.0431	0	0	0	0	0	0
0	0	0	0	-15.622	-1.1876	-17.699	-1.146	0	0	0	0	0	0	-11.742	-1.2652	0	0	0	0
0	0	0	0	-15.622	-1.1876	-17.699	-1.146	0	0	0	0	0	0	-11.742	-1.2652	0	0	0	0
0	0	0	0	-15.603	-1.1411	-17.695	-1.0992	0	0	0	0	0	0	-11.692	-1.2193	0	0	0	0
0	0	0	0	-15.584	-1.0946	-17.691	-1.0524	0	0	0	0	0	0	-11.634	-1.1736	0	0	0	0
0	0	0	0	-15.565	-1.0481	-17.686	-1.0056	0	0	0	0	0	0	-11.577	-1.1278	0	0	0	0
0	0	0	0	-15.546	-1.0016	-17.682	-0.95886	0	0	0	0	0	0	-11.517	-1.0821	0	0	0	0
0	0	0	0	-15.526	-0.95511	-17.677	-0.91208	0	0	0	0	0	0	-11.456	-1.0365	0	0	0	0
0	0	0	0	-15.506	-0.90864	-17.673	-0.8653	0	0	0	0	0	0	-11.393	-0.99089	0	0	0	0
0	0	0	0	-15.485	-0.86218	-17.668	-0.81851	0	0	0	0	0	0	-11.328	-0.94532	0	0	0	0
0	0	0	0	-15.464	-0.81572	-17.663	-0.77174	0	0	0	0	0	0	-11.262	-0.89976	0	0	0	0
0	0	0	0	-15.442	-0.76928	-17.658	-0.72496	0	0	0	0	0	0	-11.193	-0.85427	0	0	0	0
0	0	0	0	-15.421	-0.72284	-17.653	-0.67819	0	0	0	0	0	0	-11.121	-0.80882	0	0	0	0
0	0	0	0	-15.398	-0.67641	-17.648	-0.63142	0	0	0	0	0	0	-11.048	-0.76341	0	0	0	0
0	0	0	0	-15.375	-0.63	-17.642	-0.58465	0	0	0	0	0	0	-10.975	-0.71801	0	0	0	0
0	0	0	0	-15.352	-0.58359	-17.637	-0.53789	0	0	0	0	0	0	-10.9	-0.67264	0	0	0	0
0	0	0	0	-15.327	-0.5372	-17.631	-0.49113	0	0	0	0	0	0	-10.822	-0.62731	0	0	0	0
0	0	0	0	-15.302	-0.49083	-17.625	-0.44437	0	0	0	0	0	0	-10.741	-0.58206	0	0	0	0
0	0	0	0	-15.277	-0.44446	-17.619	-0.39762	0	0	0	0	0	0	-10.656	-0.53689	0	0	0	0
0	0	0	0	-15.25	-0.39812	-17.613	-0.35087	0	0	0	0	0	0	-10.567	-0.49179	0	0	0	0
0	0	0	0	-15.223	-0.35179	-17.606	-0.30412	0	0	0	0	0	0	-10.475	-0.44674	0	0	0	0
0	0	0	0	-15.195	-0.30548	-17.6	-0.25738	0	0	0	0	0	0	-10.383	-0.40172	0	0	0	0
0	0	0	0	-15.166	-0.25919	-17.593	-0.21064	0	0	0	0	0	0	-10.288	-0.35673	0	0	0	0
0	0	0	0	-15.135	-0.21292	-17.586	-0.16391	0	0	0	0	0	0	-10.187	-0.31188	0	0	0	0
0	0	0	0	-15.104	-0.16667	-17.578	-0.11719	0	0	0	0	0	0	-10.082	-0.26711	0	0	0	0
0	0	0	0	-15.071	-0.12046	-17.57	-0.070469	0	0	0	0	0	0	-9.9738	-0.2224	0	0	0	0
0	0	0	0	-15.037	-0.074266	-17.562	-0.023756	0	0	0	0	0	0	-9.8606	-0.17779	0	0	0	0
0	0	0	0	-15.001	-0.028106	-17.554	0.022949	0	0	0	0	0	0	-9.7376	-0.13337	0	0	0	0
0	0	0	0	-14.964	0.01802	-17.545	0.069645	0	0	0	0	0	0	-9.6092	-0.089066	0	0	0	0
0	0	0	0	-14.924	0.064106	-17.535	0.11633	0	0	0	0	0	0	-9.4775	-0.044825	0	0	0	0
0	0	0	0	-14.882	0.11014	-17.525	0.16301	0	0	0	0	0	0	-9.3368	-0.00076459	0	0	0	0
0	0	0	0	-14.834	0.15606	-17.515	0.20967	0	0	0	0	0	0	-9.184	0.043056	0	0	0	0
0	0	0	0	-14.768	0.2016	-17.503	0.2563	0	0	0	0	0	0	-9.022	0.08669	0	0	0	0
0	0	0	0	-14.622	0.24557	-17.485	0.30282	0	0	0	0	0	0	-8.8233	0.12959	0	0	0	0
0	0	0	0	-14.243	0.28487	-17.441	0.34881	0	0	0	0	0	0	-8.527	0.17054	0	0	0	0
0	0	0	0	-13.528	0.31743	-17.274	0.39235	0	0	0	0	0	0	-8.0684	0.20824	0	0	0	0
0	0	0	0	-12.562	0.34499	-16.764	0.42902	0	0	0	0	0	0	-7.4369	0.24249	0	0	0	0
0	0	0	0	-11.467	0.36998	-15.815	0.45693	0	0	0	0	0	0	-6.6498	0.27362	0	0	0	0
0	0	0	0	-10.305	0.39359	-14.567	0.47884	0	0	0	0	0	0	-5.7351	0.3022	0	0	0	0
0	0	0	0	-9.1182	0.41674	-13.177	0.4979	0	0	0	0	0	0	-4.7326	0.32903	0	0	0	0
0	0	0	0	-7.9361	0.43997	-11.726	0.51577	0	0	0	0	0	0	-3.6881	0.35501	0	0	0	0
0	0	0	0	-6.7864	0.46385	-10.255	0.53322	0	0	0	0	0	0	-2.6476	0.38108	0	0	0	0
0	0	0	0	-5.678	0.48856	-8.823	0.55146	0	0	0	0	0	0	-1.6685	0.40837	0	0	0	0
0	0	0	0	-4.6366	0.51461	-7.4531	0.57094	0	0	0	0	0	0	-0.84815	0.43884	0	0	0	0
0	0	0	0	-3.6834	0.54242	-6.1644	0.59204	0	0	0	0	0	0	-0.31546	0.47506	0	0	0	0
0	0	0	0	-2.8415	0.57246	-4.9862	0.61535	0	0	0	0	0	0	-0.094034	0.51751	0	0	0	0
0	0	0	0	-2.1152	0.6048	-3.948	0.64146	0	0	0	0	0	0	-0.038624	0.56327	0	0	0	0
0	0	0	0	-1.5044	0.63946	-3.0326	0.67003	0	0	0	0	0	0	-0.027848	0.60993	0	0	0	0
0	0	0	0	-0.97009	0.67565	-2.2311	0.70087	0	0	0	0	0	0	-0.024956	0.65675	0	0	0	0
0	0	0	0	-0.4204	0.71153	-1.4353	0.73183	0	0	0	0	0	0	-0.022339	0.70357	0	0	0	0
0	0	0	0	0.25483	0.7449	-0.50148	0.76003	0	0	0	0	0	0	-0.019408	0.75039	0	0	0	0
0	0	0	0	1.0909	0.77506	0.68046	0.78327	0	0	0	0	0	0	-0.014298	0.79716	0	0	0	0
0	0	0	0	2.0503	0.80275	2.0955	0.80184	0	0	0	0	0	0	-0.0022632	0.84379	0	0	0	0
0	0	0	0	3.0785	0.82905	3.6828	0.81697	0	0	0	0	0	0	0.030208	0.89002	0	0	0	0
0	0	0	0	4.1285	0.85493	5.3907	0.82969	0	0	0	0	0	0	0.12637	0.93497	0	0	0	0
0	0	0	0	5.1583	0.88121	7.1843	0.84069	0	0	0	0	0	0	0.35787	0.97722	0	0	0	0
0	0	0	0	6.1227	0.9088	9.0405	0.85044	0	0	0	0	0	0	0.72281	1.0168	0	0	0	0
0	0	0	0	6.9691	0.93874	10.944	0.85924	0	0	0	0	0	0	1.1665	1.0548	0	0	0	0
0	0	0	0	7.6371	0.97226	12.885	0.8673	0	0	0	0	0	0	1.63	1.0924	0	0	0	0
0	0	0	0	8.0982	1.0099	14.855	0.87477	0	0	0	0	0	0	2.0512	1.1308	0	0	0	0
0	0	0	0	8.3795	1.0512	16.85	0.88175	0	0	0	0	0	0	2.3845	1.1711	0	0	0	0
0	0	0	0	8.5548	1.0945	18.865	0.88833	0	0	0	0	0	0	2.6229	1.2132	0	0	0	0
0	0	0	0	8.7004	1.1385	20.897	0.89456	0	0	0	0	0	0	2.7946	1.2566	0	0	0	0
0	0	0	0	8.7912	1.1836	22.944	0.9005	0	0	0	0	0	0	2.9291	1.3008	0	0	0	0
0	0	0	0	8.8713	1.2288	25.003	0.90618	0	0	0	0	0	0	3.0438	1.3454	0	0	0	0
0	0	0	0	8.9462	1.2742	27.074	0.91164	0	0	0	0	0	0	3.1478	1.3902	0	0	0	0
0	0	0	0	9.0181	1.3196	29.155	0.9169	0	0	0	0	0	0	3.2465	1.4351	0	0	0	0
0	0	0	0	-4.7333	-1.4053	-5.3818	-1.3924	-5.314	-1.3937	0	0	0	0	0	0	0	0	0	0
0	0	0	0	-4.7333	-1.4053	-5.3818	-1.3924	-5.314	-1.3937	0	0	0	0	0	0	0	0	0	0
0	0	0	0	-4.7272	-1.3586	-5.3803	-1.3455	-5.3119	-1.3469	0	0	0	0	0	0	0	0	0	0
0	0	0	0	-4.7213	-1.3118	-5.3787	-1.2987	-5.3098	-1.3	0	0	0	0	0	0	0	0	0	0
0	0	0	0	-4.7153	-1.2651	-5.377	-1.2518	-5.3076	-1.2532	0	0	0	0	0	0	0	0	0	0
0	0	0	0	-4.7092	-1.2183	-5.3754	-1.205	-5.3054	-1.2064	0	0	0	0	0	0	0	0	0	0
0	0	0	0	-4.7031	-1.1716	-5.3737	-1.1582	-5.3031	-1.1596	0	0	0	0	0	0	0	0	0	0
0	0	0	0	-4.6968	-1.1248	-5.372	-1.1113	-5.3008	-1.1127	0	0	0	0	0	0	0	0	0	0
0	0	0	0	-4.6904	-1.0781	-5.3703	-1.0645	-5.2985	-1.0659	0	0	0	0	0	0	0	0	0	0
0	0	0	0	-4.6839	-1.0313	-5.3685	-1.0176	-5.2961	-1.0191	0	0	0	0	0	0	0	0	0	0
0	0	0	0	-4.6773	-0.98458	-5.3667	-0.97079	-5.2937	-0.97225	0	0	0	0	0	0	0	0	0	0
0	0	0	0	-4.6706	-0.93784	-5.3648	-0.92395	-5.2913	-0.92543	0	0	0	0	0	0	0	0	0	0
0	0	0	0	-4.6638	-0.8911	-5.3629	-0.87712	-5.2888	-0.8786	0	0	0	0	0	0	0	0	0	0
0	0	0	0	-4.6568	-0.84436	-5.361	-0.83028	-5.2862	-0.83178	0	0	0	0	0	0	0	0	0	0
0	0	0	0	-4.6497	-0.79763	-5.359	-0.78344	-5.2836	-0.78495	0	0	0	0	0	0	0	0	0	0
0	0	0	0	-4.6425	-0.7509	-5.357	-0.73661	-5.2809	-0.73813	0	0	0	0	0	0	0	0	0	0
0	0	0	0	-4.635	-0.70418	-5.3549	-0.68978	-5.2782	-0.69131	0	0	0	0	0	0	0	0	0	0
0	0	0	0	-4.6274	-0.65745	-5.3528	-0.64294	-5.2754	-0.64449	0	0	0	0	0	0	0	0	0	0
0	0	0	0	-4.6196	-0.61073	-5.3506	-0.59611	-5.2725	-0.59767	0	0	0	0	0	0	0	0	0	0
0	0	0	0	-4.6117	-0.56402	-5.3484	-0.54928	-5.2696	-0.55086	0	0	0	0	0	0	0	0	0	0
0	0	0	0	-4.6035	-0.51731	-5.3461	-0.50245	-5.2666	-0.50404	0	0	0	0	0	0	0	0	0	0
0	0	0	0	-4.5951	-0.4706	-5.3438	-0.45562	-5.2636	-0.45723	0	0	0	0	0	0	0	0	0	0
0	0	0	0	-4.5864	-0.4239	-5.3414	-0.4088	-5.2604	-0.41042	0	0	0	0	0	0	0	0	0	0
0	0	0	0	-4.5775	-0.3772	-5.3389	-0.36197	-5.2572	-0.36361	0	0	0	0	0	0	0	0	0	0
0	0	0	0	-4.5684	-0.33051	-5.3364	-0.31515	-5.2539	-0.3168	0	0	0	0	0	0	0	0	0	0
0	0	0	0	-4.559	-0.28382	-5.3337	-0.26833	-5.2504	-0.26999	0	0	0	0	0	0	0	0	0	0
0	0	0	0	-4.5493	-0.23714	-5.331	-0.22151	-5.2469	-0.22319	0	0	0	0	0	0	0	0	0	0
0	0	0	0	-4.5392	-0.19047	-5.3281	-0.17469	-5.2432	-0.17638	0	0	0	0	0	0	0	0	0	0
0	0	0	0	-4.5289	-0.1438	-5.3252	-0.12787	-5.2395	-0.12959	0	0	0	0	0	0	0	0	0	0
0	0	0	0	-4.5181	-0.097137	-5.3222	-0.081057	-5.2355	-0.082789	0	0	0	0	0	0	0	0	0	0
0	0	0	0	-4.507	-0.050485	-5.319	-0.034245	-5.2315	-0.035995	0	0	0	0	0	0	0	0	0	0
0	0	0	0	-4.4954	-0.0038417	-5.3157	0.012564	-5.2273	0.010796	0	0	0	0	0	0	0	0	0	0
0	0	0	0	-4.4833	0.042792	-5.3122	0.05937	-5.2229	0.057583	0	0	0	0	0	0	0	0	0	0
0	0	0	0	-4.4707	0.089415	-5.3086	0.10617	-5.2183	0.10437	0	0	0	0	0	0	0	0	0	0
0	0	0	0	-4.4575	0.13603	-5.3048	0.15297	-5.2136	0.15115	0	0	0	0	0	0	0	0	0	0
0	0	0	0	-4.4433	0.18262	-5.3008	0.19977	-5.2085	0.19792	0	0	0	0	0	0	0	0	0	0
0	0	0	0	-4.4273	0.22917	-5.2963	0.24655	-5.2032	0.24469	0	0	0	0	0	0	0	0	0	0
0	0	0	0	-4.4045	0.27559	-5.2902	0.2933	-5.1973	0.29145	0	0	0	0	0	0	0	0	0	0
0	0	0	0	-4.35	0.32138	-5.2764	0.3399	-5.1891	0.33816	0	0	0	0	0	0	0	0	0	0
0	0	0	0	-4.1694	0.36464	-5.2222	0.38569	-5.1704	0.38466	0	0	0	0	0	0	0	0	0	0
0	0	0	0	-3.7256	0.40264	-5.0069	0.42826	-5.0986	0.4301	0	0	0	0	0	0	0	0	0	0
0	0	0	0	-3.0547	0.43609	-4.4673	0.46435	-4.8369	0.47174	0	0	0	0	0	0	0	0	0	0
0	0	0	0	-2.3111	0.4681	-3.6772	0.49542	-4.2651	0.50718	0	0	0	0	0	0	0	0	0	0
0	0	0	0	-1.6168	0.50109	-2.825	0.52525	-3.4869	0.53849	0	0	0	0	0	0	0	0	0	0
0	0	0	0	-1.0628	0.53688	-2.0514	0.55665	-2.6858	0.56934	0	0	0	0	0	0	0	0	0	0
0	0	0	0	-0.67048	0.57591	-1.4271	0.59104	-1.9715	0.60193	0	0	0	0	0	0	0	0	0	0
0	0	0	0	-0.40788	0.61753	-0.96376	0.62865	-1.3934	0.63724	0	0	0	0	0	0	0	0	0	0
0	0	0	0	-0.20685	0.66039	-0.62382	0.66873	-0.94991	0.67525	0	0	0	0	0	0	0	0	0	0
0	0	0	0	0.029646	0.70253	-0.31756	0.70948	-0.57477	0.71462	0	0	0	0	0	0	0	0	0	0
0	0	0	0	0.39367	0.74213	0.12307	0.74754	-0.13472	0.75269	0	0	0	0	0	0	0	0	0	0
0	0	0	0	0.87643	0.77935	0.87338	0.77941	0.55302	0.78582	0	0	0	0	0	0	0	0	0	0
0	0	0	0	1.3794	0.81616	1.9543	0.80466	1.5582	0.81259	0	0	0	0	0	0	0	0	0	0
0	0	0	0	1.8018	0.85459	3.2887	0.82485	2.8292	0.83404	0	0	0	0	0	0	0	0	0	0
0	0	0	0	2.0902	0.8957	4.8079	0.84134	4.2908	0.85168	0	0	0	0	0	0	0	0	0	0
0	0	0	0	2.2579	0.93922	6.4453	0.85547	5.8943	0.86649	0	0	0	0	0	0	0	0	0	0
0	0	0	0	2.3546	0.98416	8.173	0.86779	7.5914	0.87942	0	0	0	0	0	0	0	0	0	0
0	0	0	0	2.4052	1.03	9.9684	0.87876	9.3622	0.89088	0	0	0	0	0	0	0	0	0	0
0	0	0	0	2.4391	1.0762	11.817	0.88867	11.19	0.9012	0	0	0	0	0	0	0	0	0	0
0	0	0	0	2.4664	1.1225	13.706	0.89775	13.063	0.91062	0	0	0	0	0	0	0	0	0	0
0	0	0	0	2.4909	1.1689	15.62	0.90635	14.972	0.91931	0	0	0	0	0	0	0	0	0	0
0	0	0	0	2.5141	1.2153	17.572	0.91419	16.903	0.92756	0	0	0	0	0	0	0	0	0	0
0	0	0	0	2.5366	1.2618	19.547	0.92157	18.868	0.93515	0	0	0	0	0	0	0	0	0	0
0	0	0	0	2.5585	1.3082	21.541	0.92855	20.852	0.94233	0	0	0	0	0	0	0	0	0	0
0	0	0	0	2.58	1.3546	23.553	0.93519	22.855	0.94914	0	0	0	0	0	0	0	0	0	0
0	0	0	0	2.6012	1.4011	25.579	0.94154	24.874	0.95565	0	0	0	0	0	0	0	0	0	0
0	0	0	0	2.622	1.4476	27.618	0.94764	26.906	0.96188	0	0	0	0	0	0	0	0	0	0
0	0	0	0	0	0	-2.3703	-1.4526	-2.3321	-1.4534	0	0	0	0	0	0	0	0	0	0
0	0	0	0	0	0	-2.3703	-1.4526	-2.3321	-1.4534	0	0	0	0	0	0	0	0	0	0
0	0	0	0	0	0	-2.3694	-1.4057	-2.331	-1.4065	0	0	0	0	0	0	0	0	0	0
0	0	0	0	0	0	-2.3686	-1.3589	-2.3298	-1.3597	0	0	0	0	0	0	0	0	0	0
0	0	0	0	0	0	-2.3677	-1.312	-2.3286	-1.3128	0	0	0	0	0	0	0	0	0	0
0	0	0	0	0	0	-2.3668	-1.2652	-2.3274	-1.2659	0	0	0	0	0	0	0	0	0	0
0	0	0	0	0	0	-2.3658	-1.2183	-2.3262	-1.2191	0	0	0	0	0	0	0	0	0	0
0	0	0	0	0	0	-2.3649	-1.1715	-2.325	-1.1723	0	0	0	0	0	0	0	0	0	0
0	0	0	0	0	0	-2.3639	-1.1246	-2.3237	-1.1254	0	0	0	0	0	0	0	0	0	0
0	0	0	0	0	0	-2.363	-1.0777	-2.3225	-1.0785	0	0	0	0	0	0	0	0	0	0
0	0	0	0	0	0	-2.362	-1.0309	-2.3212	-1.0317	0	0	0	0	0	0	0	0	0	0
0	0	0	0	0	0	-2.3609	-0.98403	-2.3198	-0.98485	0	0	0	0	0	0	0	0	0	0
0	0	0	0	0	0	-2.3599	-0.93718	-2.3185	-0.938	0	0	0	0	0	0	0	0	0	0
0	0	0	0	0	0	-2.3589	-0.89032	-2.3171	-0.89116	0	0	0	0	0	0	0	0	0	0
0	0	0	0	0	0	-2.3578	-0.84347	-2.3157	-0.84431	0	0	0	0	0	0	0	0	0	0
0	0	0	0	0	0	-2.3567	-0.79662	-2.3143	-0.79746	0	0	0	0	0	0	0	0	0	0
0	0	0	0	0	0	-2.3556	-0.74976	-2.3128	-0.75062	0	0	0	0	0	0	0	0	0	0
0	0	0	0	0	0	-2.3544	-0.70291	-2.3114	-0.70377	0	0	0	0	0	0	0	0	0	0
0	0	0	0	0	0	-2.3532	-0.65606	-2.3098	-0.65693	0	0	0	0	0	0	0	0	0	0
0	0	0	0	0	0	-2.352	-0.60921	-2.3083	-0.61008	0	0	0	0	0	0	0	0	0	0
0	0	0	0	0	0	-2.3508	-0.56236	-2.3067	-0.56324	0	0	0	0	0	0	0	0	0	0
0	0	0	0	0	0	-2.3495	-0.51551	-2.3051	-0.5164	0	0	0	0	0	0	0	0	0	0
0	0	0	0	0	0	-2.3483	-0.46866	-2.3034	-0.46956	0	0	0	0	0	0	0	0	0	0
0	0	0	0	0	0	-2.3469	-0.42181	-2.3017	-0.42272	0	0	0	0	0	0	0	0	0	0
0	0	0	0	0	0	-2.3456	-0.37496	-2.2999	-0.37588	0	0	0	0	0	0	0	0	0	0
0	0	0	0	0	0	-2.3442	-0.32812	-2.2981	-0.32904	0	0	0	0	0	0	0	0	0	0
0	0	0	0	0	0	-2.3427	-0.28127	-2.2963	-0.2822	0	0	0	0	0	0	0	0	0	0
0	0	0	0	0	0	-2.3412	-0.23443	-2.2944	-0.23536	0	0	0	0	0	0	0	0	0	0
0	0	0	0	0	0	-2.3397	-0.18758	-2.2924	-0.18853	0	0	0	0	0	0	0	0	0	0
0	0	0	0	0	0	-2.3381	-0.14074	-2.2904	-0.14169	0	0	0	0	0	0	0	0	0	0
0	0	0	0	0	0	-2.3364	-0.093897	-2.2883	-0.09486	0	0	0	0	0	0	0	0	0	0
0	0	0	0	0	0	-2.3347	-0.047056	-2.2861	-0.048028	0	0	0	0	0	0	0	0	0	0
0	0	0	0	0	0	-2.3329	-0.00021722	-2.2838	-0.0011983	0	0	0	0	0	0	0	0	0	0
0	0	0	0	0	0	-2.331	0.046621	-2.2815	0.04563	0	0	0	0	0	0	0	0	0	0
0	0	0	0	0	0	-2.3291	0.093457	-2.279	0.092456	0	0	0	0	0	0	0	0	0	0
0	0	0	0	0	0	-2.3271	0.14029	-2.2765	0.13928	0	0	0	0	0	0	0	0	0	0
0	0	0	0	0	0	-2.3249	0.18712	-2.2738	0.1861	0	0	0	0	0	0	0	0	0	0
0	0	0	0	0	0	-2.3226	0.23395	-2.271	0.23292	0	0	0	0	0	0	0	0	0	0
0	0	0	0	0	0	-2.32	0.28078	-2.2679	0.27973	0	0	0	0	0	0	0	0	0	0
0	0	0	0	0	0	-2.3157	0.32756	-2.2641	0.32653	0	0	0	0	0	0	0	0	0	0
0	0	0	0	0	0	-2.3029	0.37418	-2.2567	0.37326	0	0	0	0	0	0	0	0	0	0
0	0	0	0	0	0	-2.2475	0.41995	-2.2308	0.41962	0	0	0	0	0	0	0	0	0	0
0	0	0	0	0	0	-2.0499	0.46287	-2.1227	0.46433	0	0	0	0	0	0	0	0	0	0
0	0	0	0	0	0	-1.6506	0.50176	-1.8269	0.50529	0	0	0	0	0	0	0	0	0	0
0	0	0	0	0	0	-1.1963	0.53955	-1.3853	0.54333	0	0	0	0	0	0	0	0	0	0
0	0	0	0	0	0	-0.80401	0.57858	-0.95334	0.58157	0	0	0	0	0	0	0	0	0	0
0	0	0	0	0	0	-0.51999	0.61977	-0.62575	0.62189	0	0	0	0	0	0	0	0	0	0
0	0	0	0	0	0	-0.30896	0.66243	-0.39277	0.6641	0	0	0	0	0	0	0	0	0	0
0	0	0	0	0	0	-0.093137	0.70499	-0.19745	0.70707	0	0	0	0	0	0	0	0	0	0
0	0	0	0	0	0	0.27108	0.74458	0.073243	0.74853	0	0	0	0	0	0	0	0	0	0
0	0	0	0	0	0	0.92328	0.77841	0.57128	0.78545	0	0	0	0	0	0	0	0	0	0
0	0	0	0	0	0	1.8851	0.80605	1.3792	0.81617	0	0	0	0	0	0	0	0	0	0
0	0	0	0	0	0	3.1074	0.82848	2.4702	0.84122	0	0	0	0	0	0	0	0	0	0
0	0	0	0	0	0	4.5181	0.84714	3.7852	0.86179	0	0	0	0	0	0	0	0	0	0
0	0	0	0	0	0	6.0739	0.8629	5.2683	0.87901	0	0	0	0	0	0	0	0	0	0
0	0	0	0	0	0	7.7321	0.87661	6.87	0.89385	0	0	0	0	0	0	0	0	0	0
0	0	0	0	0	0	9.4703	0.88872	8.564	0.90685	0	0	0	0	0	0	0	0	0	0
0	0	0	0	0	0	11.271	0.89959	10.329	0.91842	0	0	0	0	0	0	0	0	0	0
0	0	0	0	0	0	13.116	0.90955	12.15	0.92888	0	0	0	0	0	0	0	0	0	0
0	0	0	0	0	0	15.005	0.91865	14.015	0.93845	0	0	0	0	0	0	0	0	0	0
0	0	0	0	0	0	16.918	0.92726	15.917	0.94728	0	0	0	0	0	0	0	0	0	0
0	0	0	0	0	0	18.867	0.93515	17.838	0.95575	0	0	0	0	0	0	0	0	0	0
0	0	0	0	0	0	20.838	0.94261	19.795	0.96348	0	0	0	0	0	0	0	0	0	0
0	0	0	0	0	0	22.829	0.94967	21.773	0.97079	0	0	0	0	0	0	0	0	0	0
0	0	0	0	0	0	24.836	0.95641	23.769	0.97774	0	0	0	0	0	0	0	0	0	0
0	0	0	0	0	0	26.857	0.96287	25.781	0.98438	0	0	0	0	0	0	0	0	0	0
0	0	0	0	-1.027	-1.4795	-1.1663	-1.4767	-1.1426	-1.4772	0	0	0	0	0	0	0	0	0	0
0	0	0	0	-1.027	-1.4795	-1.1663	-1.4767	-1.1426	-1.4772	0	0	0	0	0	0	0	0	0	0
0	0	0	0	-1.0255	-1.4326	-1.1658	-1.4298	-1.1419	-1.4303	0	0	0	0	0	0	0	0	0	0
0	0	0	0	-1.0241	-1.3858	-1.1653	-1.3829	-1.1412	-1.3834	0	0	0	0	0	0	0	0	0	0
0	0	0	0	-1.0227	-1.3389	-1.1647	-1.3361	-1.1405	-1.3366	0	0	0	0	0	0	0	0	0	0
0	0	0	0	-1.0212	-1.2921	-1.1642	-1.2892	-1.1398	-1.2897	0	0	0	0	0	0	0	0	0	0
0	0	0	0	-1.0197	-1.2452	-1.1637	-1.2424	-1.1391	-1.2428	0	0	0	0	0	0	0	0	0	0
0	0	0	0	-1.0182	-1.1984	-1.1631	-1.1955	-1.1383	-1.196	0	0	0	0	0	0	0	0	0	0
0	0	0	0	-1.0166	-1.1515	-1.1625	-1.1486	-1.1376	-1.1491	0	0	0	0	0	0	0	0	0	0
0	0	0	0	-1.0151	-1.1047	-1.162	-1.1018	-1.1368	-1.1023	0	0	0	0	0	0	0	0	0	0
0	0	0	0	-1.0135	-1.0579	-1.1614	-1.0549	-1.136	-1.0554	0	0	0	0	0	0	0	0	0	0
0	0	0	0	-1.0118	-1.011	-1.1608	-1.008	-1.1352	-1.0086	0	0	0	0	0	0	0	0	0	0
0	0	0	0	-1.0102	-0.96417	-1.1602	-0.96117	-1.1344	-0.96169	0	0	0	0	0	0	0	0	0	0
0	0	0	0	-1.0085	-0.91733	-1.1596	-0.91431	-1.1336	-0.91483	0	0	0	0	0	0	0	0	0	0
0	0	0	0	-1.0067	-0.87049	-1.1589	-0.86745	-1.1328	-0.86797	0	0	0	0	0	0	0	0	0	0
0	0	0	0	-1.005	-0.82365	-1.1583	-0.82058	-1.1319	-0.82111	0	0	0	0	0	0	0	0	0	0
0	0	0	0	-1.0031	-0.77681	-1.1576	-0.77372	-1.131	-0.77425	0	0	0	0	0	0	0	0	0	0
0	0	0	0	-1.0013	-0.72997	-1.157	-0.72686	-1.1301	-0.7274	0	0	0	0	0	0	0	0	0	0
0	0	0	0	-0.9994	-0.68314	-1.1563	-0.68	-1.1292	-0.68054	0	0	0	0	0	0	0	0	0	0
0	0	0	0	-0.99746	-0.6363	-1.1556	-0.63314	-1.1283	-0.63368	0	0	0	0	0	0	0	0	0	0
0	0	0	0	-0.99548	-0.58947	-1.1549	-0.58628	-1.1274	-0.58683	0	0	0	0	0	0	0	0	0	0
0	0	0	0	-0.99345	-0.54263	-1.1541	-0.53942	-1.1264	-0.53997	0	0	0	0	0	0	0	0	0	0
0	0	0	0	-0.99136	-0.4958	-1.1534	-0.49256	-1.1254	-0.49312	0	0	0	0	0	0	0	0	0	0
0	0	0	0	-0.98922	-0.44897	-1.1526	-0.4457	-1.1244	-0.44626	0	0	0	0	0	0	0	0	0	0
0	0	0	0	-0.98702	-0.40214	-1.1518	-0.39884	-1.1233	-0.39941	0	0	0	0	0	0	0	0	0	0
0	0	0	0	-0.98475	-0.3553	-1.151	-0.35198	-1.1223	-0.35256	0	0	0	0	0	0	0	0	0	0
0	0	0	0	-0.98242	-0.30848	-1.1502	-0.30512	-1.1212	-0.3057	0	0	0	0	0	0	0	0	0	0
0	0	0	0	-0.98001	-0.26165	-1.1493	-0.25826	-1.12	-0.25885	0	0	0	0	0	0	0	0	0	0
0	0	0	0	-0.97751	-0.21482	-1.1485	-0.21141	-1.1188	-0.212	0	0	0	0	0	0	0	0	0	0
0	0	0	0	-0.97493	-0.168	-1.1475	-0.16455	-1.1176	-0.16515	0	0	0	0	0	0	0	0	0	0
0	0	0	0	-0.97226	-0.12118	-1.1466	-0.11769	-1.1164	-0.1183	0	0	0	0	0	0	0	0	0	0
0	0	0	0	-0.96948	-0.07436	-1.1456	-0.070838	-1.1151	-0.071448	0	0	0	0	0	0	0	0	0	0
0	0	0	0	-0.9666	-0.027543	-1.1446	-0.023983	-1.1138	-0.0246	0	0	0	0	0	0	0	0	0	0
0	0	0	0	-0.96359	0.019272	-1.1435	0.022871	-1.1124	0.022247	0	0	0	0	0	0	0	0	0	0
0	0	0	0	-0.96047	0.066084	-1.1424	0.069724	-1.1109	0.069093	0	0	0	0	0	0	0	0	0	0
0	0	0	0	-0.95719	0.11289	-1.1413	0.11658	-1.1094	0.11594	0	0	0	0	0	0	0	0	0	0
0	0	0	0	-0.95376	0.1597	-1.1401	0.16343	-1.1079	0.16278	0	0	0	0	0	0	0	0	0	0
0	0	0	0	-0.95009	0.2065	-1.1388	0.21028	-1.1062	0.20962	0	0	0	0	0	0	0	0	0	0
0	0	0	0	-0.94595	0.25329	-1.1375	0.25712	-1.1045	0.25646	0	0	0	0	0	0	0	0	0	0
0	0	0	0	-0.94012	0.30005	-1.1358	0.30397	-1.1025	0.3033	0	0	0	0	0	0	0	0	0	0
0	0	0	0	-0.92584	0.34664	-1.1326	0.35078	-1.0997	0.35012	0	0	0	0	0	0	0	0	0	0
0	0	0	0	-0.87119	0.39242	-1.1214	0.39743	-1.0928	0.39686	0	0	0	0	0	0	0	0	0	0
0	0	0	0	-0.70045	0.43588	-1.0723	0.44332	-1.0648	0.44317	0	0	0	0	0	0	0	0	0	0
0	0	0	0	-0.42875	0.47733	-0.91702	0.48709	-0.95845	0.48792	0	0	0	0	0	0	0	0	0	0
0	0	0	0	-0.21418	0.51991	-0.67264	0.52908	-0.73955	0.53042	0	0	0	0	0	0	0	0	0	0
0	0	0	0	-0.10269	0.56455	-0.43976	0.5713	-0.49443	0.57239	0	0	0	0	0	0	0	0	0	0
0	0	0	0	-0.047241	0.61032	-0.27175	0.61481	-0.30799	0.61554	0	0	0	0	0	0	0	0	0	0
0	0	0	0	-0.0063653	0.65638	-0.14273	0.65911	-0.17847	0.65982	0	0	0	0	0	0	0	0	0	0
0	0	0	0	0.053843	0.70205	0.0088213	0.70295	-0.060562	0.70434	0	0	0	0	0	0	0	0	0	0
0	0	0	0	0.16198	0.74676	0.29439	0.74411	0.12919	0.74742	0	0	0	0	0	0	0	0	0	0
0	0	0	0	0.30362	0.7908	0.82722	0.78033	0.51211	0.78663	0	0	0	0	0	0	0	0	0	0
0	0	0	0	0.4277	0.8352	1.6457	0.81084	1.1709	0.82033	0	0	0	0	0	0	0	0	0	0
0	0	0	0	0.50651	0.8805	2.7299	0.83603	2.1101	0.84842	0	0	0	0	0	0	0	0	0	0
0	0	0	0	0.5486	0.92653	4.023	0.85704	3.2968	0.87156	0	0	0	0	0	0	0	0	0	0
0	0	0	0	0.57025	0.97297	5.4817	0.87474	4.6701	0.89097	0	0	0	0	0	0	0	0	0	0
0	0	0	0	0.58169	1.0196	7.0596	0.89006	6.1914	0.90742	0	0	0	0	0	0	0	0	0	0
0	0	0	0	0.58946	1.0663	8.7299	0.90353	7.819	0.92174	0	0	0	0	0	0	0	0	0	0
0	0	0	0	0.59575	1.1131	10.471	0.91557	9.5303	0.93439	0	0	0	0	0	0	0	0	0	0
0	0	0	0	0.60136	1.1599	12.256	0.92675	11.307	0.94574	0	0	0	0	0	0	0	0	0	0
0	0	0	0	0.60664	1.2066	14.098	0.93678	13.134	0.95607	0	0	0	0	0	0	0	0	0	0
0	0	0	0	0.61173	1.2534	15.976	0.94611	14.999	0.96564	0	0	0	0	0	0	0	0	0	0
0	0	0	0	0.61668	1.3002	17.882	0.95486	16.894	0.97461	0	0	0	0	0	0	0	0	0	0
0	0	0	0	0.62152	1.3469	19.812	0.96313	18.826	0.98285	0	0	0	0	0	0	0	0	0	0
0	0	0	0	0.62628	1.3937	21.762	0.97101	20.781	0.99062	0	0	0	0	0	0	0	0	0	0
0	0	0	0	0.63096	1.4405	23.729	0.97855	22.756	0.99799	0	0	0	0	0	0	0	0	0	0
0	0	0	0	0.63555	1.4873	25.709	0.98582	24.749	1.005	0	0	0	0	0	0	0	0	0	0
