0
0.00047624
0.00091309
0.0013403
0.0019824
0.0039544
0.011173
0.033137
0.083252
0.15643
0.22966
0.29121
0.33861
0.37383
0.39985
0.41962
0.43502
0.44732
0.45871
0.46952
0.48234
0.49802
0.51783
0.54328
0.56781
0.59148
0.61436
0.63649
0.65793
0.67871
0.69888
0.71846
0.7375
0.75601
0.77404
0.7916
0.80872
0.82542
0.84172
0.85764
0.87319
0.8884
0.90327
0.91782
0.93207
0.94603
0.95971
0.97311
0.98626
0.99916
0.042117
0.042572
0.042989
0.043394
0.043937
0.045491
0.051183
0.069586
0.11167
0.1762
0.24343
0.30078
0.34596
0.37891
0.4038
0.42271
0.43754
0.44948
0.46075
0.47179
0.48454
0.50065
0.52108
0.5464
0.5708
0.59436
0.61712
0.63915
0.66048
0.68115
0.70122
0.72071
0.73965
0.75807
0.77601
0.79348
0.81052
0.82713
0.84335
0.85919
0.87466
0.88979
0.90459
0.91907
0.93325
0.94714
0.96074
0.97408
0.98717
1
0.16263
0.16297
0.16328
0.16358
0.16394
0.16472
0.1675
0.17674
0.2012
0.24408
0.29423
0.33909
0.37443
0.40153
0.42154
0.437
0.44955
0.46012
0.4701
0.48079
0.49256
0.50926
0.53053
0.55456
0.57773
0.60009
0.62169
0.6426
0.66284
0.68247
0.70151
0.72
0.73798
0.75547
0.77249
0.78908
0.80525
0.82102
0.83641
0.85144
0.86613
0.88049
0.89453
0.90828
0.92173
0.93491
0.94783
0.96049
0.97291
0.98509
0.40027
0.4004
0.40052
0.40064
0.40077
0.40105
0.40206
0.40588
0.41585
0.43207
0.44948
0.46359
0.47334
0.48033
0.48575
0.48957
0.49299
0.49605
0.49985
0.50415
0.51073
0.51876
0.52648
0.53391
0.54107
0.54798
0.55465
0.56111
0.56737
0.57344
0.57932
0.58504
0.5906
0.596
0.60126
0.60639
0.61138
0.61626
0.62102
0.62566
0.6302
0.63464
0.63898
0.64323
0.64739
0.65146
0.65545
0.65937
0.6632
0.66697
0.45819
0.45827
0.45833
0.45839
0.45846
0.45859
0.459
0.46023
0.46354
0.47016
0.47733
0.48357
0.48862
0.49209
0.49481
0.49704
0.4992
0.50126
0.50449
0.5079
0.51383
0.52041
0.52673
0.53281
0.53867
0.54433
0.5498
0.55509
0.56021
0.56518
0.57
0.57468
0.57923
0.58365
0.58796
0.59216
0.59625
0.60024
0.60413
0.60794
0.61166
0.61529
0.61884
0.62232
0.62573
0.62906
0.63233
0.63554
0.63868
0.64176
0.48127
0.48131
0.48135
0.48139
0.48142
0.48148
0.48165
0.48227
0.4839
0.48661
0.49019
0.49336
0.49591
0.49785
0.49933
0.50064
0.5021
0.50351
0.50605
0.50863
0.51109
0.51346
0.51573
0.51792
0.52003
0.52207
0.52403
0.52594
0.52778
0.52957
0.5313
0.53299
0.53462
0.53622
0.53777
0.53928
0.54075
0.54219
0.54359
0.54496
0.54629
0.5476
0.54888
0.55013
0.55136
0.55256
0.55374
0.55489
0.55602
0.55713
